# making masks as greyscale label with pixels from 0 to 1 only 
import cv2
import numpy as np
import os

def create_segmentation_mask(image_shape, tool_coordinates):
    mask = np.zeros(image_shape[:2], dtype=np.uint8)
    tool_coordinates = [tuple(map(int, coord)) for coord in tool_coordinates]
    cv2.drawContours(mask, [np.array(tool_coordinates).reshape((-1, 1, 2))], -1, (1,), thickness=cv2.FILLED)
    return mask


data = [('frame_0.77396.jpg', [(701.538, 295.385), (777.692, 475.385), (814.615, 470.769), (740.769, 286.154), (703.846, 286.154)]), ('frame_0.00000.jpg', [(676.154, 274.615), (733.846, 408.462), (752.308, 399.231), (708.462, 279.231)]), ('frame_0.02000.jpg', [(678.462, 272.308), (747.692, 410.769), (763.846, 403.846), (706.154, 256.154), (690.0, 263.077), (687.692, 263.077)]), ('frame_0.04000.jpg', [(687.692, 272.308), (738.462, 424.615), (761.538, 413.077), (703.846, 272.308)]), ('frame_0.08000.jpg', [(678.462, 281.538), (731.538, 406.154), (761.538, 406.154), (708.462, 274.615)]), ('frame_0.12000.jpg', [(678.462, 274.615), (720.0, 394.615), (752.308, 387.692), (694.615, 256.154)]), ('frame_0.16955.jpg', [(683.077, 281.538), (710.769, 408.462), (745.385, 406.154), (706.154, 283.846)]), ('frame_0.22955.jpg', [(683.077, 281.538), (722.308, 422.308), (761.538, 420.0), (715.385, 281.538)]), ('frame_0.28955.jpg', [(690.0, 279.231), (738.462, 413.077), (766.154, 413.077), (720.0, 272.308)]), ('frame_0.36955.jpg', [(701.538, 279.231), (763.846, 450.0), (796.154, 436.154), (740.769, 288.462)]), ('frame_0.44955.jpg', [(706.154, 276.923), (766.154, 424.615), (789.231, 417.692), (733.846, 272.308)]), ('frame_0.60955.jpg', [(720.0, 276.923), (777.692, 417.692), (800.769, 413.077), (752.308, 274.615), (731.538, 274.615), (710.769, 272.308), (763.846, 417.692), (805.385, 413.077), (756.923, 279.231)]), ('frame_1.00954.jpg', [(708.462, 276.923), (763.846, 410.769), (789.231, 410.769), (738.462, 274.615), (717.692, 274.615), (729.231, 274.615), (777.692, 403.846), (805.385, 392.308), (752.308, 267.692), (738.462, 265.385)]), ('frame_1.24954.jpg', [(724.615, 276.923), (770.769, 408.462), (810.0, 390.0), (756.923, 267.692), (731.538, 267.692), (717.692, 283.846), (766.154, 424.615), (803.077, 408.462), (756.923, 295.385)]), ('frame_1.34954.jpg', [(715.385, 276.923), (775.385, 431.538), (807.692, 408.462), (738.462, 276.923), (706.154, 276.923)]), ('frame_1.42954.jpg', [(708.462, 274.615), (770.769, 417.692), (803.077, 394.615), (736.154, 270.0)]), ('frame_1.50954.jpg', [(703.846, 267.692), (768.462, 438.462), (791.538, 424.615), (736.154, 272.308)]), ('frame_1.58954.jpg', [(699.231, 270.0), (766.154, 429.231), (784.615, 417.692), (733.846, 270.0)]), ('frame_1.66954.jpg', [(703.846, 279.231), (766.154, 426.923), (805.385, 403.846), (743.077, 272.308)]), ('frame_1.74954.jpg', [(710.769, 274.615), (770.769, 422.308), (805.385, 408.462), (750.0, 272.308)]), ('frame_1.82954.jpg', [(710.769, 270.0), (777.692, 413.077), (796.154, 413.077), (754.615, 279.231)]), ('frame_1.90954.jpg', [(717.692, 274.615), (775.385, 422.308), (796.154, 424.615), (807.692, 420.0), (750.0, 265.385), (731.538, 265.385), (731.538, 265.385), (729.231, 265.385)]), ('frame_2.00954.jpg', [(710.769, 265.385), (775.385, 422.308), (805.385, 417.692), (754.615, 263.077)]), ('frame_2.08954.jpg', [(717.692, 286.154), (786.923, 443.077), (805.385, 436.154), (750.0, 279.231), (733.846, 279.231), (731.538, 279.231)]), ('frame_2.16954.jpg', [(713.077, 279.231), (773.077, 426.923), (807.692, 420.0), (750.0, 276.923)]), ('frame_2.24954.jpg', [(724.615, 283.846), (791.538, 436.154), (819.231, 422.308), (766.154, 288.462)]), ('frame_2.32954.jpg', [(729.231, 283.846), (775.385, 436.154), (819.231, 424.615), (763.846, 283.846), (738.462, 283.846)]), ('frame_2.40954.jpg', [(740.769, 348.462), (796.154, 510.0), (823.846, 503.077), (770.769, 353.077)]), ('frame_2.48954.jpg', [(745.385, 401.538), (803.077, 528.462), (828.462, 526.154), (786.923, 396.923), (754.615, 396.923)]), ('frame_2.52954.jpg', [(761.538, 420.0), (814.615, 544.615), (851.538, 544.615), (798.462, 420.0)]), ('frame_2.66954.jpg', [(768.462, 422.308), (821.538, 556.154), (835.385, 533.077), (810.0, 429.231), (784.615, 422.308), (745.385, 429.231), (803.077, 567.692), (826.154, 546.923), (793.846, 429.231), (756.923, 429.231)]), ('frame_2.74954.jpg', [(715.385, 420.0), (761.538, 556.154), (814.615, 537.692), (752.308, 408.462), (713.077, 408.462)]), ('frame_2.80954.jpg', [(713.077, 408.462), (752.308, 542.308), (791.538, 528.462), (736.154, 413.077)]), ('frame_2.86954.jpg', [(706.154, 406.154), (773.077, 565.385), (800.769, 542.308), (738.462, 410.769), (717.692, 408.462)]), ('frame_2.94954.jpg', [(701.538, 429.231), (761.538, 565.385), (793.846, 558.462), (740.769, 431.538)]), ('frame_3.02954.jpg', [(703.846, 426.923), (780.0, 590.769), (828.462, 570.0), (740.769, 431.538), (685.385, 417.692)]), ('frame_3.08954.jpg', [(696.923, 454.615), (754.615, 588.462), (791.538, 586.154), (731.538, 447.692)]), ('frame_3.14954.jpg', [(680.769, 480.0), (756.923, 620.769), (789.231, 590.769), (706.154, 475.385)]), ('frame_3.20954.jpg', [(671.538, 482.308), (747.692, 632.308), (780.0, 606.923), (701.538, 477.692), (662.308, 477.692)]), ('frame_3.26954.jpg', [(671.538, 480.0), (756.923, 655.385), (800.769, 618.462), (692.308, 477.692)]), ('frame_3.32954.jpg', [(680.769, 507.692), (768.462, 664.615), (807.692, 641.538), (713.077, 496.154), (690.0, 507.692)]), ('frame_3.38954.jpg', [(694.615, 526.154), (761.538, 664.615), (796.154, 650.769), (713.077, 512.308), (692.308, 514.615)]), ('frame_3.46954.jpg', [(701.538, 528.462), (773.077, 664.615), (821.538, 639.231), (729.231, 521.538)]), ('frame_3.52954.jpg', [(692.308, 516.923), (761.538, 636.923), (796.154, 618.462), (724.615, 510.0)]), ('frame_3.60954.jpg', [(660.0, 480.0), (743.077, 625.385), (777.692, 600.0), (703.846, 477.692)]), ('frame_3.66954.jpg', [(669.231, 489.231), (747.692, 636.923), (786.923, 609.231), (696.923, 486.923)]), ('frame_3.74954.jpg', [(650.769, 477.692), (747.692, 641.538), (770.769, 623.077), (678.462, 473.077), (662.308, 473.077)]), ('frame_3.80954.jpg', [(643.846, 463.846), (715.385, 604.615), (754.615, 583.846), (673.846, 454.615), (634.615, 470.769)]), ('frame_3.88954.jpg', [(634.615, 466.154), (715.385, 602.308), (740.769, 597.692), (750.0, 590.769), (671.538, 459.231)]), ('frame_3.96954.jpg', [(634.615, 452.308), (724.615, 609.231), (754.615, 581.538), (666.923, 443.077), (641.538, 443.077)]), ('frame_4.02954.jpg', [(634.615, 431.538), (701.538, 556.154), (724.615, 556.154), (731.538, 556.154), (733.846, 556.154), (666.923, 426.923), (620.769, 429.231)]), ('frame_4.08954.jpg', [(634.615, 436.154), (717.692, 590.769), (752.308, 563.077), (664.615, 433.846)]), ('frame_4.14954.jpg', [(630.0, 443.077), (708.462, 588.462), (740.769, 549.231), (660.0, 426.923)]), ('frame_4.22954.jpg', [(620.769, 436.154), (733.846, 611.538), (752.308, 581.538), (660.0, 429.231)]), ('frame_4.28954.jpg', [(625.385, 436.154), (717.692, 597.692), (754.615, 574.615), (664.615, 443.077), (604.615, 436.154)]), ('frame_4.34953.jpg', [(618.462, 431.538), (703.846, 579.231), (731.538, 567.692), (655.385, 433.846), (623.077, 422.308)]), ('frame_4.40953.jpg', [(623.077, 426.923), (687.692, 560.769), (729.231, 549.231), (655.385, 424.615), (620.769, 417.692)]), ('frame_4.46953.jpg', [(636.923, 445.385), (703.846, 586.154), (743.077, 563.077), (660.0, 433.846), (648.462, 433.846)]), ('frame_4.52953.jpg', [(641.538, 438.462), (636.923, 436.154), (720.0, 595.385), (738.462, 572.308), (669.231, 436.154)]), ('frame_4.60953.jpg', [(616.154, 443.077), (706.154, 576.923), (738.462, 570.0), (653.077, 438.462), (616.154, 433.846)]), ('frame_4.66953.jpg', [(623.077, 436.154), (701.538, 581.538), (733.846, 560.769), (648.462, 422.308), (620.769, 450.0)]), ('frame_4.72952.jpg', [(613.846, 426.923), (687.692, 553.846), (726.923, 537.692), (641.538, 422.308), (604.615, 422.308)]), ('frame_4.80952.jpg', [(600.0, 408.462), (685.385, 546.923), (710.769, 521.538), (634.615, 406.154), (611.538, 406.154)]), ('frame_4.84952.jpg', [(583.846, 399.231), (657.692, 540.0), (685.385, 519.231), (609.231, 380.769)]), ('frame_4.92952.jpg', [(579.231, 396.923), (655.385, 526.154), (699.231, 507.692), (595.385, 376.154)]), ('frame_5.00952.jpg', [(613.846, 426.923), (696.923, 537.692), (724.615, 530.769), (653.077, 413.077)]), ('frame_5.06951.jpg', [(636.923, 422.308), (699.231, 542.308), (733.846, 540.0), (669.231, 422.308)]), ('frame_5.12951.jpg', [(646.154, 445.385), (720.0, 570.0), (752.308, 570.0), (676.154, 431.538), (653.077, 433.846)]), ('frame_5.18951.jpg', [(660.0, 447.692), (722.308, 572.308), (768.462, 563.077), (694.615, 447.692)]), ('frame_5.24951.jpg', [(657.692, 440.769), (717.692, 570.0), (745.385, 570.0), (692.308, 440.769), (666.923, 436.154)]), ('frame_5.30951.jpg', [(639.231, 445.385), (706.154, 572.308), (752.308, 551.538), (685.385, 454.615)]), ('frame_5.36951.jpg', [(620.769, 431.538), (690.0, 535.385), (720.0, 533.077), (646.154, 410.769)]), ('frame_5.42950.jpg', [(616.154, 413.077), (699.231, 546.923), (731.538, 505.385), (646.154, 396.923)]), ('frame_5.48950.jpg', [(618.462, 406.154), (701.538, 563.077), (740.769, 523.846), (643.846, 403.846)]), ('frame_5.54950.jpg', [(625.385, 420.0), (703.846, 553.846), (736.154, 521.538), (653.077, 406.154), (618.462, 410.769)]), ('frame_5.60950.jpg', [(632.308, 424.615), (703.846, 556.154), (750.0, 535.385), (664.615, 415.385)]), ('frame_5.66950.jpg', [(639.231, 420.0), (706.154, 556.154), (759.231, 526.154), (676.154, 422.308)]), ('frame_5.72950.jpg', [(636.923, 417.692), (724.615, 556.154), (750.0, 537.692), (676.154, 424.615), (634.615, 406.154)]), ('frame_5.78949.jpg', [(634.615, 406.154), (703.846, 546.923), (743.077, 516.923), (669.231, 394.615)]), ('frame_5.84949.jpg', [(609.231, 383.077), (710.769, 556.154), (747.692, 526.154), (655.385, 380.769)]), ('frame_5.92949.jpg', [(613.846, 390.0), (696.923, 540.0), (729.231, 530.769), (648.462, 383.077), (625.385, 383.077)]), ('frame_6.00949.jpg', [(625.385, 406.154), (701.538, 533.077), (729.231, 526.154), (666.923, 406.154)]), ('frame_6.08949.jpg', [(627.692, 406.154), (722.308, 560.769), (759.231, 544.615), (678.462, 410.769), (620.769, 390.0)]), ('frame_6.16948.jpg', [(657.692, 417.692), (747.692, 572.308), (773.077, 565.385), (687.692, 408.462), (657.692, 408.462)]), ('frame_6.22948.jpg', [(655.385, 422.308), (733.846, 546.923), (763.846, 546.923), (699.231, 420.0), (666.923, 420.0)]), ('frame_6.28948.jpg', [(664.615, 426.923), (736.154, 556.154), (763.846, 556.154), (706.154, 426.923)]), ('frame_6.34948.jpg', [(664.615, 431.538), (731.538, 563.077), (780.0, 558.462), (692.308, 415.385), (657.692, 420.0)]), ('frame_6.42948.jpg', [(666.923, 424.615), (745.385, 574.615), (775.385, 570.0), (696.923, 424.615)]), ('frame_6.48948.jpg', [(657.692, 440.769), (743.077, 565.385), (789.231, 556.154), (694.615, 429.231)]), ('frame_6.54947.jpg', [(664.615, 438.462), (752.308, 593.077), (784.615, 558.462), (690.0, 426.923), (655.385, 431.538)]), ('frame_6.60947.jpg', [(673.846, 443.077), (752.308, 583.846), (784.615, 558.462), (715.385, 438.462)]), ('frame_6.66947.jpg', [(671.538, 438.462), (770.769, 602.308), (812.308, 570.0), (724.615, 452.308)]), ('frame_6.74947.jpg', [(676.154, 436.154), (763.846, 581.538), (807.692, 563.077), (726.923, 447.692), (662.308, 433.846)]), ('frame_6.82947.jpg', [(680.769, 459.231), (750.0, 567.692), (782.308, 563.077), (720.0, 452.308), (694.615, 452.308)]), ('frame_6.88946.jpg', [(699.231, 456.923), (766.154, 586.154), (796.154, 570.0), (724.615, 452.308)]), ('frame_7.28945.jpg', [(687.692, 466.154), (763.846, 600.0), (800.769, 560.769), (722.308, 450.0), (690.0, 454.615), (685.385, 454.615), (759.231, 574.615), (810.0, 542.308), (729.231, 452.308)]), ('frame_7.36945.jpg', [(683.077, 456.923), (752.308, 586.154), (789.231, 570.0), (706.154, 436.154)]), ('frame_7.46945.jpg', [(678.462, 461.538), (759.231, 597.692), (793.846, 586.154), (729.231, 466.154), (683.077, 452.308), (694.615, 482.308), (759.231, 597.692), (807.692, 581.538), (715.385, 450.0), (664.615, 450.0)]), ('frame_7.54945.jpg', [(680.769, 461.538), (756.923, 611.538), (803.077, 590.769), (703.846, 447.692), (683.077, 450.0)]), ('frame_8.12943.jpg', [(673.846, 413.077), (756.923, 563.077), (786.923, 530.769), (703.846, 396.923), (683.077, 408.462)]), ('frame_8.18943.jpg', [(680.769, 408.462), (756.923, 546.923), (786.923, 526.154), (710.769, 406.154)]), ('frame_8.26943.jpg', [(676.154, 424.615), (759.231, 549.231), (791.538, 526.154), (720.0, 410.769)]), ('frame_8.42942.jpg', [(678.462, 420.0), (756.923, 546.923), (796.154, 528.462), (713.077, 394.615), (685.385, 410.769)]), ('frame_8.50942.jpg', [(687.692, 429.231), (770.769, 574.615), (800.769, 563.077), (715.385, 415.385), (687.692, 417.692), (717.692, 417.692), (798.462, 546.923), (761.538, 553.846), (680.769, 406.154)]), ('frame_8.50942.jpg', [(687.692, 429.231), (770.769, 574.615), (800.769, 563.077), (715.385, 415.385), (687.692, 417.692), (717.692, 417.692), (798.462, 546.923), (761.538, 553.846), (680.769, 406.154)]), ('frame_8.58942.jpg', [(687.692, 443.077), (759.231, 537.692), (782.308, 528.462), (701.538, 415.385)]), ('frame_8.64942.jpg', [(685.385, 422.308), (756.923, 556.154), (789.231, 523.846), (706.154, 417.692)]), ('frame_8.72941.jpg', [(685.385, 422.308), (750.0, 542.308), (789.231, 526.154), (699.231, 394.615)]), ('frame_8.80941.jpg', [(680.769, 403.846), (752.308, 530.769), (789.231, 514.615), (715.385, 401.538), (696.923, 401.538)]), ('frame_12.93976.jpg', [(660.0, 408.462), (648.462, 346.154), (683.077, 346.154), (761.538, 493.846), (736.154, 512.308), (648.462, 390.0)]), ('frame_14.83559.jpg', [(840.0, 489.231), (916.154, 623.077), (941.538, 618.462), (876.923, 491.538)]), ('frame_15.52309.jpg', [(722.308, 486.923), (816.923, 632.308), (844.615, 623.077), (763.846, 486.923)]), ('frame_16.25226.jpg', [(669.231, 475.385), (784.615, 655.385), (807.692, 627.692), (706.154, 475.385)]), ('frame_17.43976.jpg', [(692.308, 470.769), (814.615, 660.0), (851.538, 650.769), (731.538, 473.077), (687.692, 456.923)]), ('frame_18.60642.jpg', [(639.231, 493.846), (780.0, 692.308), (814.615, 671.538), (671.538, 496.154)]), ('frame_19.35642.jpg', [(586.154, 468.462), (740.769, 676.154), (770.769, 662.308), (620.769, 466.154), (576.923, 461.538)]), ('frame_20.10642.jpg', [(519.231, 413.077), (655.385, 609.231), (690.0, 590.769), (546.923, 399.231)]), ('frame_21.18976.jpg', [(512.308, 394.615), (639.231, 581.538), (685.385, 563.077), (560.769, 401.538), (512.308, 385.385)]), ('frame_22.29392.jpg', [(715.385, 433.846), (812.308, 581.538), (844.615, 546.923), (743.077, 429.231), (703.846, 426.923)]), ('frame_23.23142.jpg', [(666.923, 353.077), (810.0, 572.308), (835.385, 572.308), (710.769, 360.0), (676.154, 346.154)]), ('frame_23.47142.jpg', [(660.0, 516.923), (750.0, 676.154), (793.846, 653.077), (690.0, 510.0), (650.769, 512.308)]), ('frame_23.55142.jpg', [(653.077, 542.308), (738.462, 699.231), (782.308, 666.923), (685.385, 542.308)]), ('frame_23.69142.jpg', [(630.0, 526.154), (710.769, 676.154), (754.615, 662.308), (664.615, 521.538)]), ('frame_23.87142.jpg', [(632.308, 537.692), (726.923, 708.462), (784.615, 685.385), (671.538, 540.0)]), ('frame_24.05142.jpg', [(660.0, 588.462), (733.846, 736.154), (773.077, 717.692), (687.692, 576.923), (662.308, 579.231)]), ('frame_24.59141.jpg', [(666.923, 553.846), (766.154, 708.462), (800.769, 692.308), (706.154, 558.462), (657.692, 537.692), (710.769, 586.154), (750.0, 703.846), (791.538, 694.615), (752.308, 616.154), (740.769, 600.0), (729.231, 600.0), (715.385, 600.0)]), ('frame_24.73141.jpg', [(708.462, 572.308), (754.615, 671.538), (803.077, 664.615), (750.0, 565.385), (715.385, 563.077)]), ('frame_24.81141.jpg', [(692.308, 553.846), (756.923, 673.846), (796.154, 664.615), (731.538, 544.615), (701.538, 544.615)]), ('frame_24.91141.jpg', [(699.231, 523.846), (754.615, 653.077), (784.615, 653.077), (807.692, 653.077), (747.692, 540.0), (708.462, 528.462)]), ('frame_25.03141.jpg', [(720.0, 512.308), (784.615, 639.231), (837.692, 639.231), (773.077, 516.923), (720.0, 503.077)]), ('frame_25.11141.jpg', [(726.923, 510.0), (803.077, 660.0), (833.077, 660.0), (768.462, 512.308)]), ('frame_25.19141.jpg', [(726.923, 523.846), (800.769, 657.692), (853.846, 650.769), (786.923, 526.154), (740.769, 523.846)]), ('frame_25.43141.jpg', [(796.154, 528.462), (858.462, 646.154), (888.462, 634.615), (816.923, 503.077)]), ('frame_25.55141.jpg', [(747.692, 505.385), (819.231, 648.462), (858.462, 648.462), (789.231, 503.077), (756.923, 503.077)]), ('frame_25.77141.jpg', [(680.769, 510.0), (745.385, 669.231), (784.615, 669.231), (720.0, 514.615)]), ('frame_25.93141.jpg', [(653.077, 500.769), (731.538, 669.231), (766.154, 660.0), (690.0, 496.154)]), ('frame_26.05141.jpg', [(664.615, 530.769), (740.769, 666.923), (768.462, 666.923), (701.538, 521.538), (666.923, 521.538)]), ('frame_26.15141.jpg', [(666.923, 530.769), (733.846, 666.923), (775.385, 666.923), (703.846, 535.385)]), ('frame_26.25140.jpg', [(660.0, 540.0), (726.923, 655.385), (766.154, 653.077), (690.0, 537.692)]), ('frame_27.00954.jpg', [(618.462, 360.0), (780.0, 606.923), (835.385, 595.385), (671.538, 350.769), (627.692, 350.769)]), ('frame_27.48326.jpg', [(600.0, 378.462), (715.385, 572.308), (763.846, 540.0), (662.308, 378.462)]), ('frame_29.43679.jpg', [(588.462, 477.692), (722.308, 699.231), (756.923, 683.077), (625.385, 468.462), (597.692, 470.769), (597.692, 470.769), (713.077, 680.769), (773.077, 664.615), (660.0, 482.308), (611.538, 482.308)]), ('frame_29.86602.jpg', [(590.769, 480.0), (724.615, 680.769), (763.846, 666.923), (625.385, 463.846)]), ('frame_30.23491.jpg', [(556.154, 399.231), (673.846, 600.0), (694.615, 588.462), (583.846, 396.923), (565.385, 396.923)]), ('frame_30.65966.jpg', [(546.923, 369.231), (650.769, 542.308), (680.769, 530.769), (572.308, 357.692), (551.538, 357.692)]), ('frame_31.09731.jpg', [(551.538, 378.462), (669.231, 558.462), (715.385, 560.769), (588.462, 348.462), (542.308, 376.154)]), ('frame_31.43145.jpg', [(579.231, 387.692), (683.077, 579.231), (713.077, 563.077), (611.538, 360.0), (586.154, 366.923)]), ('frame_32.46517.jpg', [(724.615, 556.154), (789.231, 673.846), (835.385, 660.0), (756.923, 542.308), (731.538, 544.615)]), ('frame_32.40517.jpg', [(690.0, 507.692), (793.846, 676.154), (833.077, 655.385), (729.231, 505.385), (676.154, 505.385)]), ('frame_32.34516.jpg', [(662.308, 477.692), (777.692, 662.308), (823.846, 664.615), (690.0, 461.538), (673.846, 466.154), (673.846, 466.154)]), ('frame_32.74699.jpg', [(840.0, 743.077), (943.846, 900.0), (978.462, 893.077), (888.462, 750.0)]), ('frame_40.78681.jpg', [(1073.077, 876.923), (1086.923, 950.769), (1130.769, 950.769), (1119.231, 886.154)]), ('frame_41.15724.jpg', [(1003.846, 761.538), (1075.385, 948.462), (1114.615, 941.538), (1045.385, 763.846), (1013.077, 763.846)]), ('frame_41.68990.jpg', [(964.615, 784.615), (1036.154, 948.462), (1068.462, 948.462), (999.231, 791.538)]), ('frame_42.12747.jpg', [(911.538, 671.538), (957.692, 807.692), (999.231, 803.077), (950.769, 671.538), (920.769, 671.538)]), ('frame_42.56781.jpg', [(840.0, 593.077), (909.231, 759.231), (953.077, 752.308), (883.846, 593.077), (851.538, 593.077)]), ('frame_43.78706.jpg', [(791.538, 593.077), (874.615, 796.154), (900.0, 793.846), (823.846, 595.385), (800.769, 595.385)]), ('frame_44.24883.jpg', [(816.923, 546.923), (897.692, 731.538), (948.462, 731.538), (846.923, 535.385)]), ('frame_44.65877.jpg', [(851.538, 426.923), (930.0, 639.231), (980.769, 627.692), (874.615, 415.385)]), ('frame_46.13047.jpg', [(770.769, 348.462), (819.231, 477.692), (860.769, 477.692), (803.077, 350.769), (766.154, 336.923)]), ('frame_46.92311.jpg', [(752.308, 325.385), (810.0, 484.615), (842.308, 484.615), (786.923, 323.077)]), ('frame_47.31686.jpg', [(745.385, 325.385), (803.077, 489.231), (849.231, 482.308), (773.077, 320.769), (743.077, 316.154)]), ('frame_48.53412.jpg', [(623.077, 429.231), (703.846, 643.846), (731.538, 639.231), (643.846, 408.462), (625.385, 417.692)]), ('frame_49.20544.jpg', [(546.923, 505.385), (618.462, 690.0), (660.0, 690.0), (572.308, 503.077), (542.308, 496.154)]), ('frame_49.60041.jpg', [(533.077, 514.615), (632.308, 699.231), (660.0, 690.0), (560.769, 507.692), (523.846, 505.385)]), ('frame_50.28628.jpg', [(558.462, 480.0), (650.769, 653.077), (683.077, 646.154), (595.385, 482.308)]), ('frame_50.89433.jpg', [(546.923, 493.846), (655.385, 673.846), (687.692, 669.231), (581.538, 477.692), (558.462, 477.692), (546.923, 484.615)]), ('frame_53.80135.jpg', [(452.308, 265.385), (498.462, 371.538), (523.846, 357.692), (482.308, 258.462)]), ('frame_60.72180.jpg', [(699.231, 355.385), (761.538, 486.923), (800.769, 482.308), (750.0, 343.846)]), ('frame_61.06502.jpg', [(710.769, 313.846), (763.846, 461.538), (814.615, 450.0), (763.846, 318.462), (722.308, 316.154)]), ('frame_62.46725.jpg', [(680.769, 549.231), (743.077, 699.231), (780.0, 694.615), (731.538, 560.769), (690.0, 546.923)]), ('frame_80.05162.jpg', [(876.923, 840.0), (971.538, 913.846), (1024.615, 876.923), (946.154, 828.462)]), ('frame_83.94735.jpg', [(876.923, 782.308), (957.692, 853.846), (1020.0, 810.0), (946.154, 745.385), (881.538, 775.385), (950.769, 747.692), (1020.0, 803.077), (960.0, 840.0), (874.615, 763.846)]), ('frame_83.94735.jpg', [(876.923, 782.308), (957.692, 853.846), (1020.0, 810.0), (946.154, 745.385), (881.538, 775.385), (950.769, 747.692), (1020.0, 803.077), (960.0, 840.0), (874.615, 763.846)]), ('frame_84.56038.jpg', [(842.308, 747.692), (923.077, 833.077), (971.538, 800.769), (897.692, 722.308), (849.231, 738.462)]), ('frame_86.03767.jpg', [(708.462, 583.846), (750.0, 669.231), (807.692, 648.462), (766.154, 565.385)]), ('frame_86.74595.jpg', [(710.769, 676.154), (754.615, 720.0), (816.923, 703.846), (766.154, 650.769), (720.0, 662.308)]), ('frame_87.34550.jpg', [(754.615, 671.538), (816.923, 747.692), (893.077, 724.615), (828.462, 666.923)]), ('frame_88.29557.jpg', [(685.385, 632.308), (745.385, 687.692), (819.231, 678.462), (722.308, 595.385)]), ('frame_89.15099.jpg', [(708.462, 567.692), (770.769, 639.231), (863.077, 602.308), (796.154, 544.615)]), ('frame_90.77458.jpg', [(747.692, 489.231), (798.462, 551.538), (895.385, 516.923), (819.231, 463.846)]), ('frame_92.58482.jpg', [(786.923, 473.077), (853.846, 544.615), (923.077, 521.538), (844.615, 450.0), (796.154, 466.154)]), ('frame_93.22508.jpg', [(883.846, 690.0), (969.231, 784.615), (1020.0, 729.231), (960.0, 683.077), (932.308, 669.231), (893.077, 683.077)]), ('frame_93.71944.jpg', [(833.077, 770.769), (876.923, 874.615), (946.154, 851.538), (879.231, 759.231), (833.077, 759.231)]), ('frame_96.79103.jpg', [(946.154, 763.846), (976.154, 860.769), (1047.692, 842.308), (1015.385, 747.692), (953.077, 754.615)]), ('frame_97.34480.jpg', [(851.538, 793.846), (881.538, 900.0), (955.385, 872.308), (909.231, 766.154), (865.385, 780.0)]), ('frame_97.85241.jpg', [(810.0, 782.308), (853.846, 881.538), (906.923, 863.077), (879.231, 750.0), (821.538, 770.769)]), ('frame_99.04498.jpg', [(736.154, 680.769), (768.462, 775.385), (835.385, 733.846), (793.846, 641.538), (740.769, 666.923)]), ('frame_99.58047.jpg', [(694.615, 574.615), (703.846, 673.846), (754.615, 657.692), (770.769, 650.769), (752.308, 551.538), (713.077, 560.769), (706.154, 560.769)]), ('frame_101.61946.jpg', [(623.077, 482.308), (646.154, 606.923), (722.308, 567.692), (671.538, 456.923)]), ('frame_102.29024.jpg', [(604.615, 433.846), (613.846, 507.692), (692.308, 475.385), (657.692, 410.769), (606.923, 420.0)]), ('frame_102.67545.jpg', [(593.077, 436.154), (634.615, 523.846), (708.462, 503.077), (664.615, 420.0)]), ('frame_103.06006.jpg', [(600.0, 392.308), (616.154, 510.0), (680.769, 496.154), (650.769, 394.615), (609.231, 392.308)]), ('frame_103.37013.jpg', [(581.538, 369.231), (611.538, 493.846), (687.692, 447.692), (650.769, 350.769)]), ('frame_104.90727.jpg', [(613.846, 295.385), (634.615, 429.231), (722.308, 396.923), (664.615, 293.077), (630.0, 293.077), (623.077, 293.077), (574.615, 323.077), (579.231, 436.154), (653.077, 420.0)]), ('frame_105.27595.jpg', [(620.769, 300.0), (643.846, 410.769), (756.923, 357.692), (685.385, 251.538)]), ('frame_105.77482.jpg', [(600.0, 313.846), (618.462, 436.154), (699.231, 406.154), (664.615, 283.846)]), ('frame_106.27594.jpg', [(627.692, 258.462), (650.769, 371.538), (720.0, 336.923), (673.846, 210.0), (639.231, 253.846)]), ('frame_106.73965.jpg', [(611.538, 336.923), (630.0, 424.615), (696.923, 392.308), (671.538, 283.846)]), ('frame_107.22479.jpg', [(593.077, 290.769), (623.077, 401.538), (699.231, 360.0), (653.077, 249.231), (606.923, 276.923)]), ('frame_107.66248.jpg', [(662.308, 339.231), (678.462, 447.692), (750.0, 410.769), (710.769, 293.077)]), ('frame_108.17605.jpg', [(609.231, 309.231), (650.769, 399.231), (715.385, 369.231), (669.231, 272.308), (618.462, 297.692)]), ('frame_108.57124.jpg', [(646.154, 371.538), (696.923, 445.385), (782.308, 417.692), (724.615, 348.462), (701.538, 336.923), (653.077, 362.308)]), ('frame_109.01185.jpg', [(570.0, 336.923), (618.462, 420.0), (671.538, 396.923), (613.846, 306.923), (579.231, 336.923)]), ('frame_109.52905.jpg', [(602.308, 297.692), (643.846, 385.385), (733.846, 357.692), (669.231, 267.692)]), ('frame_109.96307.jpg', [(662.308, 313.846), (708.462, 410.769), (768.462, 394.615), (708.462, 290.769), (669.231, 302.308)]), ('frame_110.47339.jpg', [(570.0, 399.231), (613.846, 480.0), (671.538, 452.308), (616.154, 378.462), (574.615, 385.385)]), ('frame_111.00393.jpg', [(662.308, 426.923), (696.923, 505.385), (786.923, 473.077), (708.462, 390.0), (676.154, 417.692)]), ('frame_111.58115.jpg', [(639.231, 445.385), (690.0, 519.231), (768.462, 475.385), (715.385, 406.154), (646.154, 436.154)]), ('frame_111.98159.jpg', [(636.923, 399.231), (680.769, 484.615), (752.308, 450.0), (708.462, 373.846), (648.462, 387.692), (643.846, 390.0)]), ('frame_112.41317.jpg', [(565.385, 403.846), (613.846, 477.692), (678.462, 459.231), (616.154, 378.462)]), ('frame_112.86870.jpg', [(560.769, 392.308), (590.769, 450.0), (671.538, 420.0), (636.923, 350.769), (572.308, 383.077)]), ('frame_113.16974.jpg', [(553.846, 438.462), (609.231, 526.154), (671.538, 482.308), (623.077, 403.846), (551.538, 422.308)]), ('frame_113.47612.jpg', [(606.923, 456.923), (648.462, 528.462), (745.385, 486.923), (676.154, 420.0), (593.077, 443.077)]), ('frame_113.87661.jpg', [(588.462, 403.846), (616.154, 459.231), (678.462, 426.923), (643.846, 373.846), (600.0, 394.615)]), ('frame_114.07661.jpg', [(514.615, 348.462), (549.231, 429.231), (616.154, 396.923), (572.308, 323.077)]), ('frame_114.17661.jpg', [(503.077, 302.308), (546.923, 396.923), (618.462, 360.0), (560.769, 281.538)]), ('frame_114.25661.jpg', [(507.692, 297.692), (558.462, 380.769), (611.538, 348.462), (570.0, 270.0)]), ('frame_114.33661.jpg', [(535.385, 293.077), (570.0, 390.0), (627.692, 362.308), (586.154, 281.538), (544.615, 283.846)]), ('frame_114.41660.jpg', [(553.846, 325.385), (583.846, 413.077), (650.769, 376.154), (606.923, 306.923), (563.077, 316.154)]), ('frame_114.49660.jpg', [(563.077, 316.154), (602.308, 410.769), (671.538, 376.154), (625.385, 306.923)]), ('frame_114.57660.jpg', [(572.308, 332.308), (618.462, 401.538), (699.231, 371.538), (627.692, 306.923)]), ('frame_115.11066.jpg', [(521.538, 320.769), (563.077, 396.923), (639.231, 383.077), (581.538, 304.615), (530.769, 313.846)]), ('frame_115.20000.jpg', [(542.308, 341.538), (570.0, 408.462), (646.154, 380.769), (600.0, 311.538)]), ('frame_115.59019.jpg', [(496.154, 357.692), (530.769, 431.538), (597.692, 401.538), (558.462, 327.692)]), ('frame_116.00686.jpg', [(535.385, 406.154), (567.692, 475.385), (646.154, 443.077), (604.615, 371.538)]), ('frame_116.26437.jpg', [(613.846, 420.0), (648.462, 484.615), (724.615, 466.154), (680.769, 387.692)]), ('frame_116.70775.jpg', [(574.615, 410.769), (611.538, 477.692), (680.769, 447.692), (648.462, 378.462)]), ('frame_117.12221.jpg', [(583.846, 403.846), (616.154, 477.692), (685.385, 459.231), (650.769, 392.308), (595.385, 396.923)]), ('frame_117.62230.jpg', [(572.308, 440.769), (602.308, 507.692), (673.846, 482.308), (641.538, 420.0)]), ('frame_118.15590.jpg', [(643.846, 371.538), (666.923, 424.615), (750.0, 396.923), (706.154, 336.923)]), ('frame_118.55847.jpg', [(590.769, 406.154), (618.462, 468.462), (692.308, 433.846), (653.077, 373.846)]), ('frame_118.87962.jpg', [(595.385, 403.846), (634.615, 473.077), (708.462, 429.231), (669.231, 371.538)]), ('frame_119.21663.jpg', [(609.231, 371.538), (634.615, 440.769), (720.0, 413.077), (683.077, 355.385)]), ('frame_119.56183.jpg', [(583.846, 392.308), (613.846, 461.538), (685.385, 433.846), (648.462, 376.154), (588.462, 383.077)]), ('frame_119.91575.jpg', [(606.923, 369.231), (650.769, 452.308), (715.385, 415.385), (650.769, 323.077)]), ('frame_120.23641.jpg', [(590.769, 417.692), (627.692, 470.769), (703.846, 445.385), (655.385, 390.0)]), ('frame_120.56423.jpg', [(590.769, 417.692), (627.692, 482.308), (701.538, 450.0), (662.308, 387.692)]), ('frame_120.94172.jpg', [(632.308, 452.308), (666.923, 512.308), (745.385, 482.308), (692.308, 420.0)]), ('frame_121.33419.jpg', [(623.077, 480.0), (655.385, 537.692), (738.462, 498.462), (694.615, 445.385), (632.308, 473.077)]), ('frame_121.64064.jpg', [(639.231, 452.308), (660.0, 526.154), (750.0, 498.462), (715.385, 445.385)]), ('frame_121.97917.jpg', [(643.846, 468.462), (657.692, 528.462), (743.077, 503.077), (713.077, 438.462)]), ('frame_122.41639.jpg', [(646.154, 433.846), (678.462, 512.308), (752.308, 480.0), (708.462, 417.692)]), ('frame_122.84911.jpg', [(660.0, 459.231), (690.0, 530.769), (775.385, 491.538), (733.846, 440.769)]), ('frame_123.28570.jpg', [(643.846, 438.462), (680.769, 503.077), (759.231, 473.077), (710.769, 401.538)]), ('frame_123.77806.jpg', [(616.154, 477.692), (650.769, 544.615), (729.231, 507.692), (690.0, 447.692)]), ('frame_124.24340.jpg', [(627.692, 408.462), (660.0, 473.077), (733.846, 450.0), (696.923, 387.692), (641.538, 396.923), (630.0, 396.923)]), ('frame_124.92474.jpg', [(671.538, 461.538), (699.231, 528.462), (780.0, 486.923), (733.846, 422.308)]), ('frame_125.65552.jpg', [(636.923, 436.154), (660.0, 489.231), (738.462, 461.538), (701.538, 399.231)]), ('frame_126.18936.jpg', [(632.308, 426.923), (660.0, 482.308), (733.846, 466.154), (699.231, 406.154)]), ('frame_126.66471.jpg', [(597.692, 392.308), (639.231, 454.615), (710.769, 426.923), (662.308, 355.385), (606.923, 387.692)]), ('frame_127.01660.jpg', [(540.0, 341.538), (576.923, 403.846), (643.846, 366.923), (606.923, 306.923)]), ('frame_127.70960.jpg', [(482.308, 230.769), (516.923, 300.0), (590.769, 265.385), (553.846, 198.462), (484.615, 221.538)]), ('frame_127.85868.jpg', [(473.077, 226.154), (514.615, 293.077), (583.846, 263.077), (540.0, 182.308)]), ('frame_128.26108.jpg', [(443.077, 193.846), (484.615, 265.385), (560.769, 228.462), (514.615, 147.692), (431.538, 200.769)]), ('frame_128.48801.jpg', [(510.0, 260.769), (537.692, 325.385), (600.0, 295.385), (565.385, 226.154), (521.538, 253.846)]), ('frame_128.91965.jpg', [(581.538, 366.923), (613.846, 429.231), (683.077, 390.0), (648.462, 334.615), (590.769, 357.692)]), ('frame_129.35285.jpg', [(600.0, 387.692), (627.692, 443.077), (701.538, 408.462), (666.923, 362.308)]), ('frame_129.43866.jpg', [(604.615, 376.154), (627.692, 436.154), (706.154, 394.615), (669.231, 339.231)]), ('frame_129.82061.jpg', [(623.077, 408.462), (655.385, 466.154), (736.154, 426.923), (690.0, 371.538), (630.0, 399.231)]), ('frame_130.26966.jpg', [(616.154, 429.231), (643.846, 477.692), (729.231, 450.0), (694.615, 396.923)]), ('frame_131.05412.jpg', [(586.154, 366.923), (613.846, 438.462), (699.231, 392.308), (660.0, 330.0)]), ('frame_131.58749.jpg', [(542.308, 304.615), (567.692, 373.846), (643.846, 341.538), (604.615, 279.231)]), ('frame_132.06674.jpg', [(484.615, 205.385), (528.462, 283.846), (581.538, 242.308), (546.923, 186.923)]), ('frame_132.55704.jpg', [(445.385, 200.769), (482.308, 272.308), (549.231, 235.385), (514.615, 175.385)]), ('frame_132.94010.jpg', [(519.231, 304.615), (553.846, 362.308), (613.846, 327.692), (583.846, 276.923), (528.462, 295.385)]), ('frame_133.39807.jpg', [(542.308, 366.923), (560.769, 422.308), (634.615, 383.077), (609.231, 341.538)]), ('frame_134.12331.jpg', [(588.462, 373.846), (618.462, 436.154), (680.769, 383.077), (648.462, 336.923)]), ('frame_134.77796.jpg', [(570.0, 316.154), (595.385, 385.385), (671.538, 355.385), (632.308, 293.077), (581.538, 311.538)]), ('frame_135.17962.jpg', [(533.077, 265.385), (560.769, 336.923), (632.308, 288.462), (586.154, 233.077), (542.308, 258.462)]), ('frame_135.60808.jpg', [(484.615, 235.385), (514.615, 297.692), (593.077, 263.077), (546.923, 186.923)]), ('frame_136.06037.jpg', [(438.462, 166.154), (461.538, 221.538), (544.615, 191.538), (500.769, 129.231), (438.462, 156.923)]), ('frame_136.49870.jpg', [(403.846, 124.615), (438.462, 189.231), (514.615, 150.0), (466.154, 94.615)]), ('frame_136.95023.jpg', [(486.923, 267.692), (528.462, 339.231), (597.692, 290.769), (558.462, 242.308)]), ('frame_137.35808.jpg', [(551.538, 334.615), (572.308, 399.231), (634.615, 357.692), (611.538, 316.154)]), ('frame_138.03105.jpg', [(570.0, 373.846), (597.692, 417.692), (669.231, 378.462), (643.846, 325.385), (570.0, 364.615)]), ('frame_138.50944.jpg', [(558.462, 318.462), (581.538, 385.385), (660.0, 355.385), (623.077, 300.0)]), ('frame_138.99281.jpg', [(521.538, 281.538), (542.308, 353.077), (609.231, 313.846), (581.538, 260.769), (530.769, 276.923)]), ('frame_139.43321.jpg', [(477.692, 219.231), (514.615, 304.615), (576.923, 258.462), (537.692, 198.462), (473.077, 210.0)]), ('frame_140.02177.jpg', [(429.231, 150.0), (450.0, 219.231), (514.615, 175.385), (482.308, 117.692)]), ('frame_140.04500.jpg', [(433.846, 143.077), (452.308, 193.846), (528.462, 166.154), (500.769, 122.308), (436.154, 133.846)]), ('frame_140.51111.jpg', [(496.154, 279.231), (521.538, 336.923), (581.538, 300.0), (558.462, 256.154)]), ('frame_141.12892.jpg', [(537.692, 330.0), (560.769, 373.846), (625.385, 332.308), (597.692, 290.769)]), ('frame_142.85344.jpg', [(519.231, 263.077), (542.308, 323.077), (606.923, 293.077), (574.615, 246.923)]), ('frame_143.36922.jpg', [(470.769, 216.923), (489.231, 272.308), (560.769, 249.231), (523.846, 198.462), (477.692, 207.692)]), ('frame_143.84107.jpg', [(440.769, 161.538), (466.154, 237.692), (537.692, 200.769), (500.769, 147.692), (452.308, 152.308)]), ('frame_144.28804.jpg', [(450.0, 184.615), (484.615, 246.923), (542.308, 212.308), (516.923, 170.769)]), ('frame_144.68061.jpg', [(422.308, 150.0), (452.308, 214.615), (528.462, 182.308), (482.308, 117.692)]), ('frame_145.15217.jpg', [(426.923, 113.077), (456.923, 175.385), (535.385, 143.077), (486.923, 83.077), (431.538, 103.846)]), ('frame_145.60948.jpg', [(417.692, 62.308), (445.385, 136.154), (519.231, 106.154), (486.923, 62.308)]), ('frame_146.12848.jpg', [(500.769, 161.538), (521.538, 226.154), (595.385, 196.154), (558.462, 138.462), (507.692, 152.308)]), ('frame_146.59745.jpg', [(473.077, 145.385), (505.385, 223.846), (581.538, 189.231), (537.692, 106.154)]), ('frame_147.09676.jpg', [(415.385, 87.692), (454.615, 152.308), (519.231, 129.231), (489.231, 69.231)]), ('frame_147.52733.jpg', [(493.846, 205.385), (516.923, 263.077), (588.462, 226.154), (556.154, 173.077)]), ('frame_148.43828.jpg', [(493.846, 180.0), (528.462, 253.846), (590.769, 212.308), (560.769, 163.846), (503.077, 163.846), (482.308, 145.385), (500.769, 193.846), (565.385, 159.231), (542.308, 106.154), (486.923, 136.154)]), ('frame_148.83784.jpg', [(433.846, 90.0), (463.846, 143.077), (523.846, 129.231), (493.846, 71.538), (436.154, 80.769)]), ('frame_149.28050.jpg', [(521.538, 203.077), (542.308, 246.923), (604.615, 226.154), (581.538, 182.308)]), ('frame_149.70728.jpg', [(590.769, 306.923), (609.231, 360.0), (692.308, 313.846), (664.615, 276.923)]), ('frame_150.67397.jpg', [(556.154, 304.615), (586.154, 373.846), (648.462, 336.923), (618.462, 290.769), (570.0, 297.692)]), ('frame_151.12303.jpg', [(542.308, 256.154), (558.462, 316.154), (634.615, 290.769), (606.923, 223.846)]), ('frame_151.52401.jpg', [(486.923, 173.077), (514.615, 228.462), (597.692, 198.462), (558.462, 150.0)]), ('frame_151.87411.jpg', [(567.692, 300.0), (579.231, 341.538), (662.308, 300.0), (632.308, 270.0), (576.923, 293.077)]), ('frame_152.29385.jpg', [(595.385, 306.923), (613.846, 376.154), (692.308, 327.692), (669.231, 276.923)]), ('frame_152.66474.jpg', [(556.154, 276.923), (595.385, 348.462), (669.231, 311.538), (623.077, 253.846), (567.692, 272.308)]), ('frame_153.04267.jpg', [(523.846, 246.923), (546.923, 293.077), (620.769, 276.923), (595.385, 214.615)]), ('frame_153.43917.jpg', [(491.538, 207.692), (512.308, 270.0), (590.769, 233.077), (565.385, 180.0), (505.385, 200.769)]), ('frame_153.81384.jpg', [(466.154, 140.769), (484.615, 203.077), (570.0, 180.0), (530.769, 120.0)]), ('frame_154.21449.jpg', [(459.231, 163.846), (480.0, 205.385), (549.231, 186.923), (514.615, 122.308)]), ('frame_154.63794.jpg', [(486.923, 223.846), (521.538, 274.615), (583.846, 246.923), (558.462, 191.538), (505.385, 216.923)]), ('frame_154.97637.jpg', [(493.846, 233.077), (526.154, 272.308), (588.462, 244.615), (560.769, 196.154)]), ('frame_155.77779.jpg', [(521.538, 163.846), (542.308, 214.615), (604.615, 198.462), (581.538, 143.077), (535.385, 147.692), (528.462, 150.0)]), ('frame_156.54117.jpg', [(563.077, 311.538), (600.0, 369.231), (666.923, 327.692), (632.308, 276.923)]), ('frame_157.07912.jpg', [(533.077, 318.462), (572.308, 380.769), (632.308, 353.077), (597.692, 300.0)]), ('frame_157.50103.jpg', [(503.077, 210.0), (528.462, 265.385), (602.308, 233.077), (574.615, 180.0), (514.615, 207.692)]), ('frame_157.92334.jpg', [(558.462, 270.0), (586.154, 336.923), (655.385, 295.385), (632.308, 244.615), (563.077, 260.769)]), ('frame_160.35647.jpg', [(602.308, 378.462), (625.385, 436.154), (694.615, 394.615), (673.846, 348.462), (606.923, 369.231)]), ('frame_160.88817.jpg', [(588.462, 330.0), (616.154, 420.0), (680.769, 364.615), (657.692, 309.231), (597.692, 323.077)]), ('frame_161.36411.jpg', [(516.923, 235.385), (533.077, 300.0), (602.308, 265.385), (579.231, 216.923)]), ('frame_161.80298.jpg', [(576.923, 362.308), (613.846, 406.154), (678.462, 364.615), (655.385, 325.385), (572.308, 353.077)]), ('frame_162.94251.jpg', [(565.385, 320.769), (579.231, 380.769), (662.308, 355.385), (632.308, 302.308), (574.615, 302.308)]), ('frame_163.37014.jpg', [(542.308, 318.462), (576.923, 376.154), (648.462, 313.846), (618.462, 270.0)]), ('frame_163.84518.jpg', [(510.0, 230.769), (540.0, 290.769), (620.769, 253.846), (576.923, 196.154), (519.231, 226.154)]), ('frame_164.31276.jpg', [(498.462, 267.692), (530.769, 318.462), (597.692, 295.385), (560.769, 235.385)]), ('frame_164.70321.jpg', [(558.462, 346.154), (558.462, 399.231), (641.538, 364.615), (611.538, 323.077)]), ('frame_168.05502.jpg', [(493.846, 274.615), (544.615, 334.615), (625.385, 311.538), (583.846, 246.923), (505.385, 274.615)]), ('frame_168.48203.jpg', [(484.615, 341.538), (528.462, 422.308), (595.385, 364.615), (570.0, 318.462)]), ('frame_168.92046.jpg', [(496.154, 362.308), (533.077, 443.077), (620.769, 385.385), (576.923, 325.385)]), ('frame_169.65135.jpg', [(482.308, 366.923), (510.0, 422.308), (609.231, 385.385), (565.385, 327.692)]), ('frame_170.56948.jpg', [(440.769, 406.154), (482.308, 470.769), (597.692, 417.692), (535.385, 364.615)]), ('frame_171.05924.jpg', [(452.308, 438.462), (489.231, 507.692), (565.385, 466.154), (514.615, 406.154)]), ('frame_171.28194.jpg', [(443.077, 454.615), (477.692, 514.615), (558.462, 482.308), (514.615, 422.308), (456.923, 447.692)]), ('frame_171.69180.jpg', [(376.154, 463.846), (415.385, 542.308), (493.846, 477.692), (454.615, 429.231)]), ('frame_172.21015.jpg', [(373.846, 477.692), (417.692, 535.385), (496.154, 493.846), (440.769, 431.538), (380.769, 466.154)]), ('frame_172.81738.jpg', [(456.923, 396.923), (477.692, 452.308), (560.769, 424.615), (528.462, 380.769)]), ('frame_173.32428.jpg', [(438.462, 387.692), (470.769, 447.692), (549.231, 417.692), (510.0, 355.385), (447.692, 378.462)]), ('frame_173.97485.jpg', [(450.0, 401.538), (486.923, 466.154), (553.846, 431.538), (526.154, 373.846)]), ('frame_174.60220.jpg', [(415.385, 383.077), (443.077, 433.846), (516.923, 410.769), (486.923, 360.0), (426.923, 369.231)]), ('frame_182.35463.jpg', [(526.154, 396.923), (563.077, 466.154), (625.385, 443.077), (586.154, 364.615), (540.0, 385.385), (380.769, 433.846), (415.385, 491.538), (484.615, 475.385), (452.308, 410.769)]), ('frame_182.82854.jpg', [(403.846, 452.308), (422.308, 500.769), (496.154, 484.615), (473.077, 410.769), (415.385, 443.077)]), ('frame_184.11712.jpg', [(399.231, 489.231), (417.692, 549.231), (510.0, 523.846), (470.769, 470.769)]), ('frame_186.14904.jpg', [(420.0, 406.154), (438.462, 452.308), (516.923, 429.231), (491.538, 371.538), (431.538, 394.615)]), ('frame_186.72868.jpg', [(355.385, 380.769), (369.231, 456.923), (461.538, 433.846), (429.231, 343.846)]), ('frame_187.67024.jpg', [(327.692, 383.077), (341.538, 475.385), (420.0, 452.308), (401.538, 366.923), (336.923, 376.154)]), ('frame_188.68347.jpg', [(392.308, 461.538), (408.462, 549.231), (482.308, 526.154), (450.0, 438.462)]), ('frame_189.27341.jpg', [(593.077, 553.846), (600.0, 623.077), (703.846, 609.231), (660.0, 521.538), (602.308, 544.615)]), ('frame_189.81462.jpg', [(761.538, 662.308), (791.538, 754.615), (876.923, 731.538), (842.308, 650.769)]), ('frame_190.37321.jpg', [(840.0, 763.846), (851.538, 830.769), (925.385, 819.231), (900.0, 724.615), (842.308, 752.308)]), ('frame_190.87334.jpg', [(803.077, 777.692), (814.615, 846.923), (895.385, 842.308), (867.692, 754.615)]), ('frame_191.58581.jpg', [(821.538, 793.846), (846.923, 872.308), (934.615, 856.154), (893.077, 768.462), (826.154, 782.308)]), ('frame_192.24461.jpg', [(835.385, 713.077), (844.615, 780.0), (932.308, 773.077), (904.615, 696.923), (842.308, 703.846)]), ('frame_193.09271.jpg', [(803.077, 726.923), (814.615, 812.308), (904.615, 780.0), (876.923, 703.846), (812.308, 720.0)]), ('frame_193.44998.jpg', [(798.462, 720.0), (823.846, 805.385), (897.692, 798.462), (853.846, 690.0)]), ('frame_194.37245.jpg', [(766.154, 653.077), (786.923, 743.077), (865.385, 703.846), (833.077, 613.846), (782.308, 643.846)]), ('frame_194.78673.jpg', [(731.538, 639.231), (754.615, 722.308), (835.385, 685.385), (789.231, 597.692)]), ('frame_195.29784.jpg', [(810.0, 690.0), (835.385, 759.231), (900.0, 750.0), (881.538, 664.615)]), ('frame_195.78721.jpg', [(763.846, 699.231), (840.0, 666.923), (846.923, 736.154), (798.462, 766.154)]), ('frame_196.50490.jpg', [(786.923, 696.923), (803.077, 768.462), (881.538, 740.769), (842.308, 671.538), (796.154, 685.385)]), ('frame_197.52798.jpg', [(773.077, 680.769), (796.154, 784.615), (863.077, 768.462), (826.154, 687.692), (784.615, 687.692)]), ('frame_198.09701.jpg', [(752.308, 726.923), (796.154, 810.0), (881.538, 770.769), (826.154, 673.846), (743.077, 724.615)]), ('frame_198.61008.jpg', [(775.385, 710.769), (803.077, 798.462), (879.231, 759.231), (837.692, 669.231), (791.538, 694.615), (780.0, 701.538)]), ('frame_199.15816.jpg', [(773.077, 717.692), (800.769, 782.308), (870.0, 770.769), (821.538, 696.923)]), ('frame_200.11583.jpg', [(789.231, 738.462), (828.462, 853.846), (900.0, 810.0), (853.846, 736.154)]), ('frame_408.15391.jpg', [(909.231, 687.692), (923.077, 780.0), (994.615, 754.615), (978.462, 657.692), (925.385, 676.154)]), ('frame_408.58515.jpg', [(876.923, 756.923), (893.077, 826.154), (971.538, 821.538), (939.231, 713.077), (881.538, 747.692)]), ('frame_409.10715.jpg', [(849.231, 606.923), (853.846, 685.385), (916.154, 680.769), (900.0, 574.615), (860.769, 593.077)]), ('frame_409.16715.jpg', [(860.769, 593.077), (874.615, 699.231), (925.385, 678.462), (939.231, 678.462), (918.462, 583.846), (867.692, 581.538)]), ('frame_409.24715.jpg', [(874.615, 646.154), (897.692, 763.846), (962.308, 708.462), (941.538, 625.385)]), ('frame_409.40715.jpg', [(881.538, 646.154), (906.923, 759.231), (978.462, 720.0), (953.077, 613.846), (888.462, 634.615), (853.846, 690.0), (870.0, 780.0), (932.308, 770.769), (897.692, 666.923), (858.462, 680.769)]), ('frame_409.46715.jpg', [(858.462, 680.769), (888.462, 789.231), (971.538, 761.538), (936.923, 666.923), (849.231, 680.769)]), ('frame_409.54715.jpg', [(895.385, 685.385), (900.0, 780.0), (966.923, 770.769), (953.077, 641.538)]), ('frame_409.60715.jpg', [(883.846, 708.462), (904.615, 805.385), (964.615, 780.0), (939.231, 662.308)]), ('frame_409.68714.jpg', [(909.231, 694.615), (923.077, 805.385), (999.231, 763.846), (969.231, 655.385), (920.769, 680.769)]), ('frame_409.82714.jpg', [(913.846, 687.692), (927.692, 800.769), (1001.538, 773.077), (964.615, 650.769), (923.077, 683.077)]), ('frame_409.94714.jpg', [(888.462, 680.769), (900.0, 775.385), (971.538, 770.769), (957.692, 653.077)]), ('frame_410.10714.jpg', [(900.0, 703.846), (918.462, 826.154), (978.462, 796.154), (955.385, 673.846)]), ('frame_410.20714.jpg', [(893.077, 699.231), (911.538, 816.923), (978.462, 805.385), (957.692, 660.0)]), ('frame_410.30713.jpg', [(893.077, 699.231), (916.154, 846.923), (990.0, 819.231), (946.154, 680.769)]), ('frame_410.40713.jpg', [(902.308, 713.077), (913.846, 844.615), (990.0, 812.308), (957.692, 687.692)]), ('frame_410.48713.jpg', [(900.0, 694.615), (909.231, 828.462), (983.077, 812.308), (960.0, 696.923)]), ('frame_410.56713.jpg', [(943.846, 692.308), (966.923, 803.077), (909.231, 823.846), (890.769, 722.308), (939.231, 701.538)]), ('frame_410.66713.jpg', [(939.231, 692.308), (957.692, 796.154), (904.615, 805.385), (895.385, 717.692), (930.0, 692.308)]), ('frame_410.76713.jpg', [(930.0, 692.308), (948.462, 803.077), (888.462, 830.769), (876.923, 736.154)]), ('frame_410.88712.jpg', [(927.692, 678.462), (946.154, 782.308), (897.692, 814.615), (879.231, 724.615)]), ('frame_410.98712.jpg', [(927.692, 678.462), (957.692, 796.154), (893.077, 810.0), (876.923, 715.385), (918.462, 678.462)]), ('frame_411.08712.jpg', [(918.462, 678.462), (943.846, 796.154), (888.462, 821.538), (883.846, 715.385)]), ('frame_411.16712.jpg', [(939.231, 676.154), (948.462, 800.769), (897.692, 816.923), (881.538, 731.538)]), ('frame_411.24712.jpg', [(939.231, 673.846), (960.0, 803.077), (890.769, 837.692), (881.538, 720.0), (930.0, 678.462)]), ('frame_411.32712.jpg', [(939.231, 678.462), (955.385, 810.0), (902.308, 826.154), (890.769, 731.538), (934.615, 694.615)]), ('frame_411.40712.jpg', [(941.538, 687.692), (955.385, 798.462), (906.923, 814.615), (881.538, 722.308)]), ('frame_411.72350.jpg', [(888.462, 708.462), (900.0, 805.385), (966.923, 791.538), (950.769, 685.385), (900.0, 706.154)]), ('frame_411.97090.jpg', [(881.538, 699.231), (897.692, 798.462), (969.231, 766.154), (950.769, 662.308), (890.769, 690.0)]), ('frame_412.29022.jpg', [(909.231, 694.615), (920.769, 800.769), (996.923, 784.615), (976.154, 671.538), (918.462, 687.692)]), ('frame_413.17212.jpg', [(918.462, 687.692), (932.308, 814.615), (1015.385, 775.385), (980.769, 669.231), (930.0, 687.692), (923.077, 706.154), (934.615, 814.615), (1017.692, 770.769), (996.923, 683.077)]), ('frame_413.43943.jpg', [(909.231, 713.077), (930.0, 803.077), (1001.538, 786.923), (983.077, 673.846), (918.462, 708.462)]), ('frame_455.40341.jpg', [(1583.077, 973.846), (1407.692, 888.462), (1412.308, 842.308), (1675.385, 964.615), (1594.615, 969.231)]), ('frame_455.95437.jpg', [(1414.615, 816.923), (1730.769, 973.846), (1760.769, 943.846), (1474.615, 796.154)]), ('frame_456.77420.jpg', [(1416.923, 814.615), (1721.538, 973.846), (1737.692, 900.0), (1481.538, 775.385), (1426.154, 803.077)]), ('frame_458.28270.jpg', [(1405.385, 805.385), (1746.923, 966.923), (1746.923, 930.0), (1456.154, 775.385)]), ('frame_464.40053.jpg', [(1121.538, 890.769), (1179.231, 957.692), (1236.923, 957.692), (1176.923, 863.077), (1119.231, 879.231)]), ('frame_464.99846.jpg', [(1105.385, 883.846), (1174.615, 957.692), (1264.615, 957.692), (1170.0, 840.0), (1116.923, 874.615)]), ('frame_465.56652.jpg', [(1130.769, 858.462), (1193.077, 962.308), (1264.615, 962.308), (1174.615, 805.385), (1135.385, 849.231)]), ('frame_466.23475.jpg', [(1133.077, 883.846), (1195.385, 976.154), (1255.385, 973.846), (1181.538, 865.385)]), ('frame_466.77167.jpg', [(1121.538, 883.846), (1174.615, 957.692), (1255.385, 957.692), (1170.0, 842.308)]), ('frame_467.59060.jpg', [(1116.923, 867.692), (1204.615, 976.154), (1276.154, 976.154), (1176.923, 858.462), (1126.154, 860.769)]), ('frame_469.19865.jpg', [(1142.308, 893.077), (1188.462, 962.308), (1269.231, 962.308), (1204.615, 886.154)]), ('frame_469.85768.jpg', [(1144.615, 886.154), (1190.769, 960.0), (1273.846, 964.615), (1213.846, 883.846)])]
save_dir = '/users/aymanasaria/video_3/video_3_masks'
os.makedirs(save_dir, exist_ok=True)

num_masks_created = 0  # Initialize the count

for image_filename, tool_coordinates in data:
    segmentation_mask = create_segmentation_mask((1080, 1920), tool_coordinates)
    
    mask_save_path = os.path.join(save_dir, image_filename.replace('.jpg', '_mask.png'))
    cv2.imwrite(mask_save_path, segmentation_mask)
    
    num_masks_created += 1  

print("Number of masks created:", num_masks_created)
